AEALAOAU    131002E00AE PRVAE/E02    257   255   255   257   251   233   222   207   194   181   174   170   165   158   154   168   170   168   164   158   158   148   140   140   147   156   163   162   156   148   145   139   133   128   127   134   148   165   175   178   198   204   200   180   167   163   167   172   174   176   180   185   190   186   176   167   172   182   170   173   176
AEALAOAU    131002E01AE PRVAE/E02    174   169   170   172   180   179   170   163   164   165   169   176   180   180   194   237   261   244   249   260   262   282   291   295   293   291   285   281   274   265   274   284   283   286   277   264   251   247   248   265   277   281   312   338   327   323   342   345   325   312   329   335   331   324   303   237   284   518   757  1185   286
AEALAOAU    131002E02AE PRVAE/E02   1312  1244  1168  1121  1433  1648  1541  1475  1367  1454  1494  1404  1184  1247  1176  1046  1103  1148  1088   920   911   896   912   935   969   905   799   817   823   882   918   934  1092  1200  1263  1246  1104  1021  1029  1045  1002  1039  1127  1219  1279  1303  1292  1336  1488  1630  1687  1712  1828  1842  1732  1656  1720  1922  2078  2089  1271
AEALAOAU    131002E03AE PRVAE/E02   2017  1939  1854  1796  1786  1750  1798  1931  1856  1856  1993  2040  2087  2039  1992  1940  1944  1895  1818  1742  1604  1555  1455  1446  1411  1279  1270  1206  1153  1161  1158  1157  1097  1034  1018   895   804   744   713   749   685   676   672   626   574   578   535   513   488   460   405   416   423   427   454   505   591   621   607   590  1197
AEALAOAU    131002E04AE PRVAE/E02    531   467   467   477   525   602   688   745   713   666   663   683   646   610   515   489   493   520   491   505   465   499   507   516   445   381   317   319   384   343   288   291   320   347   427   890  1097  1189  1056   852   716   810   737   735   722   745   750   713   649   673   787   745   697   707   821   922   957   918   852   764   631
AEALAOAU    131002E05AE PRVAE/E02    795   731   655   779   823   813   895  1069  1231  1378  1364  1237  1327  1385  1287  1211  1055  1040  1109  1569  1380  1366  1308  1320  1553  1615  1526  1245  1219  1183  1158  1229  1254  1290  1288  1317  1419  1300  1190  1320  1260  1388  1459  1501  1413  1298  1301  1477  1580  1620  1469  1344  1369  1499  1562  1635  1563  1467  1573  1941  1299
AEALAOAU    131002E06AE PRVAE/E02   1871  1689  1634  1738  1864  1806  1693  1550  1655  1662  1529  1436  1509  1571  1463  1531  1511  1325  1307  1359  1387  1391  1368  1270  1242  1163  1197  1140  1047  1063   983   893   844   874   852   828   815  1011   805   846   897  1000   904   931   879   839   767   740   682   597   631   678   659   611   560   577   583   549   551   479  1114
AEALAOAU    131002E07AE PRVAE/E02    497   529   537   528   479   441   433   434   447   458   467   481   439   472   497   486   471   446   431   429   435   471   470   516   501   462   469   475   466   470   428   422   413   408   399   359   351   309   254   207   318   336   328   321   334   336   347   336   324   300   282   287   306   316   337   395   424   432   425   422   410
AEALAOAU    131002E08AE PRVAE/E02    403   422   405   382   394   378   394   378   381   426   467   442   382   397   367   332   346   358   454   516   578   589   560   518   515   491   551   577   581   547   484   431   443   465   496   477   450   418   366   331   339   352   367   380   367   356   322   308   298   308   315   328   333   319   296   271   250   258   269   278   403
AEALAOAU    131002E09AE PRVAE/E02    266   249   237   240   251   258   285   278   266   263   265   262   229   206   215   244   265   277   242   258   268   243   163   166   185   213   185   167   141   140   152   179   180   181   173   134    96   101   139   172   186   188   163   149   129   106   133   164   162   146   163   160   139   119   129   125   120   109   119   112   188
AEALAOAU    131002E10AE PRVAE/E02    113   128   149   152   142   148   167   156   139   167   169   140   116    94   104   112   114   128   151   183   192   205   289   265   228   234   224   226   265   249   199   132   136   137   122   123    88    86    89    96   107   107   103   100    83    80    66    81    85    88   101   127   137   134   144   145   145   141   135   124   143
AEALAOAU    131002E11AE PRVAE/E02    110   100    96    92    82    74    71    69    59    89    97    70   100   119   116   120   107   154   215   233   305   265   222   272   288   262   238   284   385   300   300   392   311   300   348   369   364   380   303   287   323   341   299   325   265   217   240   229   217   283   219   141   149   166   168   203   230   225   206   258   218
AEALAOAU    131002E12AE PRVAE/E02    167   320   292   275   262   290   307   287   272   294   320   332   317   312   293   267   260   248   249   250   207   172   165   177   193   206   200   167   142   136   136   135   138   123    95    69    55    65    96   100    71    57    51    43    42    63    67    54    45    52    61    72    71    78    99   118   112   115   131   148   166
AEALAOAU    131002E13AE PRVAE/E02    173   194   186   176   159   131   124   126   126   115   112   105    94    79    75    92    98   105   105   110   111   103    96   102    96    82    68    68    86   105   117   118   116   116   119   122   122   128   121    99   108   110   109   136   159   138   129   115   139   147   129   126   152   149   164   174   197   213   218   208   127
AEALAOAU    131002E14AE PRVAE/E02    211   227   225   215   200   188   198   186   180   165   154   151   148   144   146   100   103   155   206   217   185   154   162   179   193   211   194   188   186   163   151   152   159   161   160   146   139   166   156   170   177   173   162   153   149   134   125   136   139   135   138   146   146   141   143   143   136   138   140   141   163
AEALAOAU    131002E15AE PRVAE/E02    154   153   166   173   158   150   144   136   135   124   118   130   139   136   139   142   132   122   111   123   132   156   158   156   164   172   172   161   156   160   166   170   172   178   183   183   184   187   189   196   205   221   230   233   232   231   227   222   220   220   234   248   262   277   290   342   344   375   384   399   193
AEALAOAU    131002E16AE PRVAE/E02    415   430   448   480   495   493   504   526   541   544   539   537   574   579   586   595   596   576   537   536   538   531   524   530   538   544   539   542   538   531   525   513   523   528   532   583   463   465   490   497   517   545   587   600   702   758   694   657   651   699   736   767   728   689   663   698   719   734   723   724   577
AEALAOAU    131002E17AE PRVAE/E02    713   723   736   712   706   692   655   656   645   636   632   631   681   718   699   674   645   622   632   677   673   674   688   742   742   738   734   755   761   753   705   638   637   677   715   745   733   605   505   530   591   534   504   537   559   584   609   614   677   662   657   740   744   713   662   617   620   630   636   618   662
AEALAOAU    131002E18AE PRVAE/E02    503   498   484   490   514   539   543   545   541   525   500   460   449   460   463   443   442   433   412   386   366   364   350   341   347   366   377   379   388   390   377   366   374   390   401   403   403   400   400   400   409   426   442   447   448   452   451   448   447   459   471   472   471   486   495   495   492   532   467   436   441
AEALAOAU    131002E19AE PRVAE/E02    503   566   639   647   639   638   636   616   597   591   588   572   549   557   562   566   564   532   479   463   473   480   475   497   503   444   376   388   458   526   551   567   579   563   560   596   599   581   614   596   543   615   661   677   652   611   597   600   601   573   574   578   579   589   620   660   666   669   657   641   572
AEALAOAU    131002E20AE PRVAE/E02    619   589   591   609   606   579   569   566   552   535   539   550   567   583   580   604   633   658   649   675   718   762   797   807   806   851   812   804   808   827   964  1016  1057  1015  1037  1137  1258  1259  1218  1242  1208  1157  1067   936   867   822   796   784   740   692   688   686   682   689   674   633   674   678   655   615   780
AEALAOAU    131002E21AE PRVAE/E02    631   670   698   701   654   568   586   606   664   732   762   705   672   666   663   679   696   690   712   713   726   738   766   748   742   746   789   842   874   868   919   906   887   856   831   772   786   787   765   726   685   647   601   559   547   529   520   516   562   627   674   675   669   650   589   564   561   546   549   547   689
AEALAOAU    131002E22AE PRVAE/E02    532   505   499   510   491   498   481   467   482   486   488   475   470   506   508   510   520   545   579   553   533   517   500   490   506   496   481   486   474   471   476   528   546   522   558   541   549   485   413   486   522   513   537   453   384   350   339   320   320   314   348   408   401   377   346   322   306   306   307   307   461
AEALAOAU    131002E23AE PRVAE/E02    282   294   328   350   417   457   444   408   572   577   689   641   651   694   722   735   747   783   793   722   626   644   590   573   642   633   644   662   679   646   594   591   654   690   634   573   524   482   434   417   380   348   337   341   360   359   364   334   340   358   346   314   292   298   302   300   298   314   320   330   498

[Created at Sat Apr 14 08:32:01 UTC 2018]Silicon is unresponsive to light at wavelengths shorter than its bandgap energy. 

